READ	n1	n2	n3	n4	n5	n6	n7	n8	n9	n10	n11	n12	n13	n14	n15	n16	n17	n18	n19	n20	n21	n22	n23	n24	n25	n26	n27	n28	n29	n30	n31	n32	n33	n34	n35	n36	n37	n38	n39	n40	n41	n42	n43	n44	n45	n46	n47	n48	n49	n50
1006	0.28846	0.276537	0.26441	0.253692	0.245907	0.244219	0.24668	0.249806	0.252702	0.25777	0.267477	0.282486	0.301425	0.320661	0.336274	0.348732	0.36231	0.377535	0.390842	0.400622	0.40706	0.408864	0.40815	0.405429	0.401459	0.395396	0.389774	0.384023	0.378662	0.373691	0.369165	0.365092	0.360911	0.35748	0.353171	0.348089	0.342457	0.336412	0.331418	0.329402	0.32981	0.332163	0.333119	0.333638	0.333032	0.331307	0.327827	0.323746	0.320896	0.320254
1007	0.515313	0.519002	0.521638	0.523125	0.523871	0.523821	0.52288	0.521039	0.518499	0.515166	0.510608	0.504422	0.496776	0.488494	0.480149	0.471822	0.463338	0.454642	0.445806	0.436818	0.427692	0.418388	0.409153	0.400115	0.391275	0.382658	0.374151	0.365629	0.357039	0.348475	0.340003	0.331933	0.324546	0.317984	0.312329	0.307588	0.303771	0.30085	0.29877	0.297516	0.297139	0.297666	0.299071	0.301391	0.304485	0.307973	0.311575	0.315076	0.318446	0.321999
1008	0.396145	0.396368	0.396309	0.395312	0.394011	0.393209	0.393228	0.39371	0.394659	0.395755	0.396906	0.397836	0.39832	0.398353	0.397354	0.39575	0.393207	0.389398	0.383912	0.376831	0.368669	0.360856	0.353912	0.348413	0.344275	0.341624	0.340624	0.341389	0.344061	0.348538	0.35441	0.361197	0.367837	0.374364	0.381033	0.387724	0.394497	0.400065	0.403497	0.405779	0.407848	0.411389	0.417026	0.423252	0.429097	0.433344	0.436443	0.438729	0.439051	0.43789
1101	0.436023	0.437873	0.438397	0.438416	0.438562	0.43892	0.43935	0.439806	0.440145	0.439817	0.438112	0.434595	0.430096	0.425167	0.420068	0.414849	0.409638	0.404281	0.398609	0.392434	0.385625	0.378384	0.371192	0.364601	0.358818	0.354013	0.350101	0.347073	0.345065	0.344099	0.344305	0.345712	0.348209	0.351676	0.355821	0.360213	0.364046	0.36671	0.368144	0.369284	0.37064	0.372353	0.374304	0.37635	0.378264	0.379888	0.380929	0.381386	0.381486	0.381417
1103	0.619232	0.620276	0.621217	0.622174	0.623108	0.623622	0.623494	0.622709	0.62164	0.620463	0.618948	0.617043	0.614934	0.612712	0.610425	0.607957	0.605051	0.601502	0.597432	0.592717	0.587134	0.580713	0.573906	0.567133	0.560647	0.554514	0.548717	0.54328	0.53812	0.533146	0.528267	0.523517	0.519159	0.515344	0.51216	0.509679	0.507865	0.506663	0.505976	0.505752	0.50588	0.506315	0.507102	0.508313	0.509971	0.512179	0.515126	0.519028	0.524097	0.530444
1104	0.436594	0.435002	0.433755	0.433373	0.433985	0.435346	0.436431	0.43604	0.433623	0.429851	0.42546	0.420483	0.414861	0.408792	0.402467	0.395911	0.38881	0.38074	0.371816	0.362474	0.353451	0.345234	0.338245	0.333035	0.329947	0.329158	0.330403	0.333148	0.336886	0.341249	0.34601	0.350918	0.355905	0.36078	0.365517	0.370021	0.374158	0.377599	0.38009	0.381643	0.382532	0.383279	0.384146	0.385207	0.386633	0.388459	0.390642	0.393113	0.395317	0.396601
1106	0.348794	0.349332	0.350214	0.351055	0.352063	0.353587	0.355049	0.356286	0.357396	0.358417	0.359521	0.360066	0.36063	0.361164	0.361355	0.360815	0.359254	0.357192	0.354902	0.352017	0.348807	0.344902	0.340733	0.336558	0.332235	0.327615	0.322681	0.316962	0.311067	0.304773	0.298042	0.291115	0.284333	0.277738	0.271661	0.266106	0.261352	0.257368	0.254378	0.252256	0.251005	0.250404	0.250056	0.249463	0.248638	0.247575	0.246187	0.244807	0.243795	0.243044
1201	0.505844	0.501846	0.497652	0.493509	0.489251	0.484382	0.479271	0.473792	0.468093	0.462184	0.456636	0.451996	0.447709	0.443582	0.439774	0.436538	0.433777	0.431877	0.430986	0.431638	0.433265	0.435236	0.436946	0.438485	0.44004	0.441331	0.442442	0.443159	0.443837	0.444606	0.445514	0.446372	0.447072	0.447489	0.447178	0.445683	0.443399	0.440428	0.435745	0.429366	0.421485	0.412335	0.402626	0.392933	0.383639	0.375007	0.366676	0.359258	0.353082	0.347841
1202	0.424659	0.423666	0.422607	0.421626	0.42062	0.419561	0.418524	0.417383	0.415857	0.414011	0.411936	0.40962	0.407187	0.404783	0.402506	0.400376	0.398386	0.396425	0.394201	0.391793	0.389286	0.386798	0.384398	0.382058	0.379609	0.376968	0.374166	0.371303	0.368489	0.365791	0.363359	0.361155	0.359276	0.357721	0.35639	0.355321	0.354394	0.353579	0.352579	0.351262	0.349648	0.347939	0.346283	0.344973	0.34416	0.343818	0.343785	0.343728	0.343139	0.34184
1300	0.380645	0.378085	0.375614	0.373363	0.370894	0.368075	0.364936	0.360979	0.35577	0.349631	0.343151	0.336615	0.329761	0.322379	0.314712	0.307677	0.302332	0.299111	0.297884	0.298025	0.298884	0.300157	0.301342	0.302307	0.303347	0.304914	0.306601	0.307682	0.308453	0.309366	0.310181	0.310787	0.31107	0.310805	0.309999	0.308844	0.30727	0.305986	0.305189	0.30542	0.306994	0.309973	0.314376	0.319931	0.326903	0.335408	0.345755	0.357748	0.370831	0.384572
2000	0.475762	0.475975	0.475502	0.474465	0.472538	0.469743	0.466375	0.462549	0.458503	0.454303	0.449786	0.444878	0.439682	0.434227	0.428563	0.422881	0.417359	0.41221	0.407506	0.403304	0.399639	0.396477	0.393741	0.391437	0.389552	0.387905	0.386511	0.385404	0.384606	0.383989	0.383381	0.382694	0.381928	0.380997	0.379846	0.378532	0.376956	0.374998	0.372776	0.370482	0.368321	0.366471	0.365067	0.364148	0.363935	0.364684	0.36644	0.36887	0.371884	0.375524
2009	0.432505	0.437271	0.441794	0.446266	0.450582	0.454888	0.459295	0.463723	0.467998	0.472179	0.476169	0.479945	0.483387	0.48659	0.489423	0.491623	0.492509	0.492102	0.490618	0.488479	0.486184	0.483818	0.481489	0.479243	0.477032	0.474857	0.47266	0.470075	0.46715	0.463944	0.460626	0.457412	0.454467	0.451784	0.449331	0.447239	0.445424	0.443672	0.441932	0.440221	0.438533	0.436789	0.434833	0.432714	0.430408	0.428035	0.425793	0.423727	0.421782	0.419595
2010	0.422044	0.422427	0.422592	0.422367	0.42172	0.420828	0.419872	0.418898	0.418102	0.41759	0.417433	0.41737	0.416904	0.415572	0.413464	0.410667	0.407496	0.404188	0.400871	0.397496	0.393861	0.389909	0.385918	0.382118	0.378811	0.376263	0.374469	0.373381	0.372902	0.372907	0.373083	0.373188	0.37327	0.373427	0.373713	0.374195	0.374866	0.375618	0.376127	0.375921	0.374954	0.373692	0.372681	0.3722	0.372286	0.372844	0.373882	0.375219	0.376597	0.377809
2047	0.341629	0.34393	0.346203	0.348551	0.351062	0.353827	0.356892	0.360314	0.363938	0.367645	0.371545	0.37547	0.3792	0.382865	0.38656	0.390122	0.393443	0.396499	0.399471	0.402366	0.40524	0.408199	0.41149	0.415194	0.419378	0.423909	0.428384	0.432192	0.435165	0.43799	0.440883	0.443988	0.447172	0.45028	0.453181	0.455891	0.458721	0.461393	0.464033	0.466463	0.468577	0.470333	0.472093	0.473963	0.475564	0.47656	0.476303	0.474785	0.472599	0.470161
2087	0.38656	0.387682	0.388344	0.388695	0.388128	0.386988	0.385865	0.385129	0.384774	0.384308	0.383475	0.382313	0.381	0.379858	0.378827	0.378065	0.378004	0.378964	0.380856	0.383174	0.385739	0.388651	0.391868	0.395614	0.399774	0.404222	0.408571	0.41317	0.418363	0.423612	0.428684	0.433435	0.437882	0.442124	0.446205	0.450014	0.453388	0.455854	0.457397	0.458636	0.459886	0.461199	0.462924	0.46507	0.467453	0.470015	0.472877	0.475779	0.478346	0.48032
2089	0.417088	0.411051	0.404872	0.398507	0.392093	0.385709	0.379086	0.371726	0.363949	0.356013	0.348087	0.339987	0.331701	0.323382	0.315293	0.307809	0.301006	0.294814	0.289264	0.284434	0.280247	0.276552	0.272938	0.269582	0.266783	0.264533	0.263224	0.262863	0.263361	0.264883	0.267253	0.270274	0.273618	0.276801	0.279673	0.283069	0.287304	0.292236	0.297585	0.30334	0.309334	0.315489	0.321225	0.325743	0.329504	0.333822	0.339571	0.346702	0.355009	0.364499
2100	0.473644	0.47287	0.471097	0.468616	0.465435	0.461437	0.456617	0.451459	0.446011	0.44011	0.433744	0.426967	0.420058	0.413277	0.406727	0.40036	0.394312	0.388639	0.383234	0.377984	0.37282	0.367769	0.362846	0.358034	0.353298	0.348727	0.344394	0.34037	0.336731	0.333544	0.330891	0.328711	0.326826	0.325003	0.323225	0.321571	0.320156	0.319186	0.318682	0.318617	0.31892	0.319558	0.320457	0.321568	0.322873	0.324368	0.326069	0.327786	0.329518	0.331498
2155	0.46519	0.463877	0.462451	0.460397	0.457831	0.45549	0.453733	0.452594	0.452008	0.451837	0.451748	0.450672	0.447956	0.443784	0.439175	0.434535	0.430043	0.425786	0.421792	0.418003	0.414206	0.410371	0.407129	0.405362	0.405442	0.407477	0.411266	0.41657	0.422773	0.429176	0.435285	0.441254	0.447414	0.453569	0.459566	0.46529	0.470677	0.47544	0.478998	0.480723	0.480858	0.4803	0.47983	0.479668	0.479809	0.480312	0.481074	0.481757	0.482342	0.483063
2159	0.423757	0.421159	0.418672	0.4159	0.413436	0.41126	0.409209	0.407668	0.406468	0.40474	0.401677	0.397632	0.393501	0.389529	0.385617	0.381887	0.377739	0.372191	0.364169	0.354659	0.345228	0.336047	0.327032	0.318023	0.308848	0.299403	0.289592	0.27993	0.270409	0.261354	0.253261	0.246606	0.241905	0.23998	0.241067	0.244148	0.248102	0.252543	0.257176	0.261737	0.265857	0.269329	0.272323	0.27543	0.278649	0.281963	0.285383	0.288701	0.291498	0.293959
2192	0.472762	0.475227	0.477216	0.478797	0.480034	0.480918	0.481536	0.482148	0.482506	0.482471	0.481498	0.479674	0.477203	0.474335	0.471329	0.468327	0.465716	0.463432	0.461467	0.459872	0.458449	0.457261	0.456163	0.454901	0.453281	0.451246	0.44913	0.446856	0.444609	0.442242	0.439683	0.437328	0.435118	0.433323	0.432005	0.430907	0.429738	0.42847	0.427291	0.42643	0.426325	0.427004	0.428617	0.431299	0.43489	0.439106	0.443712	0.448409	0.452908	0.457099
2239	0.526098	0.526005	0.525648	0.52518	0.524811	0.524676	0.524811	0.525078	0.525278	0.5253	0.524865	0.523706	0.521989	0.520053	0.518035	0.51569	0.513087	0.510406	0.507635	0.504641	0.501359	0.497903	0.494332	0.490589	0.486467	0.481978	0.477343	0.47259	0.467602	0.462379	0.457229	0.452224	0.447381	0.442715	0.438371	0.434418	0.430791	0.427453	0.424417	0.42162	0.41899	0.416474	0.414012	0.411619	0.409373	0.407361	0.405675	0.40435	0.403508	0.403232
2250	0.398	0.406146	0.414556	0.423018	0.431327	0.439502	0.447148	0.453768	0.459634	0.465316	0.471082	0.476778	0.482078	0.486284	0.488964	0.489705	0.488091	0.48428	0.47945	0.474184	0.468214	0.461341	0.453207	0.443471	0.432382	0.420179	0.407141	0.393471	0.379396	0.364781	0.34962	0.33429	0.319322	0.30505	0.291928	0.280092	0.269617	0.260619	0.253077	0.246869	0.242194	0.238921	0.236741	0.2355	0.234954	0.234947	0.235335	0.235887	0.236382	0.236642
2257	0.401836	0.396494	0.390127	0.382139	0.372907	0.364193	0.356646	0.350018	0.343884	0.337809	0.331722	0.325541	0.319627	0.314148	0.309725	0.306215	0.30376	0.303128	0.303587	0.304643	0.306541	0.308692	0.311413	0.314987	0.318856	0.322452	0.325215	0.326438	0.326797	0.327556	0.328557	0.329167	0.328957	0.327308	0.324645	0.321087	0.316894	0.312237	0.30794	0.304233	0.300797	0.29788	0.295724	0.295199	0.296876	0.300546	0.305805	0.311882	0.318507	0.325981
2315	0.507568	0.506572	0.505091	0.503349	0.501225	0.498861	0.496378	0.493845	0.491106	0.488104	0.484838	0.481485	0.478026	0.474396	0.47072	0.467065	0.463498	0.459967	0.456422	0.452886	0.449317	0.445671	0.44212	0.438827	0.435814	0.433067	0.430533	0.428173	0.425908	0.42365	0.421447	0.419458	0.417886	0.416765	0.415903	0.415255	0.414866	0.414621	0.414442	0.414239	0.413989	0.413613	0.413019	0.412145	0.411033	0.40976	0.408577	0.407522	0.406481	0.405319
2321	0.422135	0.421337	0.419367	0.416488	0.413128	0.409563	0.405648	0.400909	0.395299	0.389639	0.384152	0.37874	0.373474	0.368336	0.363587	0.359383	0.355687	0.352263	0.348741	0.344637	0.339923	0.334821	0.329844	0.325078	0.320539	0.316077	0.311584	0.306901	0.302024	0.296924	0.291671	0.286533	0.281586	0.277164	0.273563	0.271152	0.270247	0.270923	0.272782	0.275545	0.278931	0.28276	0.286896	0.291495	0.296801	0.302788	0.30931	0.31603	0.322579	0.328605
2332	0.292767	0.290953	0.28902	0.287089	0.285088	0.283092	0.28099	0.278702	0.276209	0.273534	0.27072	0.267943	0.265364	0.263108	0.261345	0.260052	0.25915	0.258488	0.258057	0.2581	0.258724	0.259857	0.261443	0.263493	0.266038	0.268912	0.27183	0.274521	0.276921	0.279209	0.281528	0.283941	0.286462	0.289144	0.291892	0.294735	0.297446	0.299719	0.301481	0.303014	0.304607	0.306509	0.308774	0.311594	0.314954	0.318679	0.322392	0.325674	0.328322	0.330314
2333	0.439169	0.433851	0.429049	0.424711	0.420662	0.416781	0.41299	0.409314	0.406227	0.404148	0.402977	0.402775	0.403478	0.404908	0.406517	0.407773	0.408194	0.407667	0.406781	0.405929	0.405132	0.404435	0.40362	0.40268	0.401586	0.400278	0.398618	0.396892	0.395451	0.39407	0.392305	0.390071	0.387589	0.384931	0.382015	0.378419	0.374118	0.369676	0.365931	0.362834	0.360297	0.358604	0.358136	0.358828	0.360462	0.362459	0.364497	0.366488	0.3686	0.370895
2343	0.475466	0.475652	0.474737	0.472933	0.470541	0.467907	0.465203	0.462519	0.459856	0.457146	0.454212	0.451003	0.44753	0.443952	0.440415	0.436955	0.433463	0.429801	0.425936	0.421905	0.417574	0.412899	0.40797	0.403098	0.398372	0.393763	0.389233	0.384843	0.380606	0.376518	0.37256	0.368814	0.365324	0.362208	0.35956	0.357429	0.355857	0.354793	0.354173	0.353847	0.353679	0.353557	0.353496	0.353508	0.353654	0.354135	0.355048	0.356447	0.358235	0.360096
2351	0.540488	0.541667	0.54301	0.544397	0.545194	0.544691	0.543002	0.540882	0.538634	0.536399	0.534168	0.531978	0.529823	0.527535	0.524663	0.520865	0.51639	0.511743	0.507096	0.502499	0.497909	0.493326	0.488667	0.483552	0.477595	0.470756	0.46359	0.456491	0.449694	0.443206	0.43698	0.431115	0.425618	0.420347	0.415175	0.410393	0.406359	0.40302	0.400295	0.398416	0.397517	0.397716	0.399045	0.401378	0.404554	0.408508	0.413305	0.418948	0.425318	0.432292
2409	0.405812	0.404042	0.401833	0.399158	0.396311	0.3932	0.38989	0.386719	0.383224	0.379101	0.3744	0.369485	0.364507	0.359609	0.354774	0.35029	0.345989	0.341214	0.336403	0.333359	0.332586	0.333623	0.335785	0.338754	0.341594	0.342832	0.342449	0.340782	0.337982	0.33415	0.329729	0.324225	0.317111	0.30919	0.301725	0.294912	0.288835	0.283204	0.27828	0.27431	0.271906	0.270849	0.270846	0.271511	0.272046	0.272308	0.27203	0.271462	0.271052	0.271052
2428	0.358225	0.358953	0.359441	0.359095	0.358045	0.356342	0.354402	0.352409	0.350015	0.347539	0.345088	0.342654	0.340325	0.337718	0.334554	0.331085	0.32755	0.323994	0.320587	0.317172	0.313911	0.310943	0.308527	0.306949	0.306099	0.305987	0.306667	0.308097	0.310241	0.312819	0.315816	0.319474	0.3239	0.328706	0.33345	0.337664	0.341305	0.34495	0.347842	0.350089	0.351809	0.35285	0.353069	0.352311	0.351598	0.351787	0.353199	0.356012	0.359737	0.363997
2606	0.426191	0.423721	0.420563	0.417083	0.413594	0.410237	0.406787	0.403172	0.399326	0.395267	0.390927	0.386237	0.381349	0.376508	0.371929	0.368007	0.364813	0.362628	0.361875	0.36217	0.363345	0.365194	0.367495	0.369921	0.371972	0.37366	0.375542	0.378084	0.381404	0.38546	0.39019	0.395514	0.401176	0.406885	0.41279	0.419311	0.426542	0.434458	0.442938	0.45177	0.460714	0.469235	0.476612	0.482775	0.488608	0.494643	0.500878	0.50723	0.513609	0.519429
3004	0.466648	0.467926	0.470004	0.472754	0.476104	0.47997	0.484152	0.488102	0.491199	0.493248	0.494497	0.495444	0.495999	0.495831	0.494777	0.492599	0.489139	0.484234	0.477757	0.469735	0.460919	0.451539	0.44188	0.432394	0.423363	0.414804	0.406548	0.398199	0.389416	0.38051	0.372045	0.364254	0.357221	0.35114	0.346021	0.341972	0.338998	0.337283	0.33698	0.338025	0.34031	0.343817	0.348191	0.353197	0.358798	0.364965	0.371589	0.378521	0.38606	0.394091
3009	0.387651	0.383699	0.379767	0.376254	0.373288	0.37073	0.368398	0.366147	0.363922	0.361854	0.360075	0.358842	0.358254	0.358464	0.360061	0.362759	0.365905	0.369308	0.373115	0.377272	0.381654	0.386163	0.390789	0.395578	0.400696	0.405833	0.410943	0.416039	0.421117	0.426125	0.430993	0.435471	0.439076	0.441564	0.443221	0.444671	0.446328	0.44832	0.450603	0.453165	0.455878	0.458512	0.460264	0.460261	0.45905	0.457575	0.456473	0.455914	0.455896	0.456433
3010	0.500141	0.50331	0.506204	0.508997	0.511492	0.513376	0.514629	0.51526	0.515364	0.514668	0.512877	0.509974	0.506371	0.501948	0.496171	0.489182	0.481341	0.472887	0.463853	0.454164	0.443642	0.43241	0.420826	0.408834	0.396656	0.384781	0.373738	0.363777	0.354967	0.347184	0.340509	0.335139	0.331112	0.328342	0.326603	0.326225	0.327169	0.32913	0.331889	0.335263	0.339248	0.34377	0.348503	0.353468	0.359172	0.365829	0.373396	0.381504	0.389738	0.397877
3011	0.457555	0.462151	0.466559	0.470342	0.473176	0.475235	0.476466	0.477265	0.477848	0.478556	0.479365	0.479964	0.480084	0.479005	0.476648	0.47329	0.469544	0.465716	0.46173	0.457025	0.451512	0.445498	0.439112	0.432634	0.426455	0.420803	0.415636	0.411098	0.407527	0.405294	0.404619	0.405496	0.407792	0.411388	0.416051	0.421521	0.427446	0.433722	0.440245	0.44695	0.45375	0.460472	0.466929	0.473008	0.478826	0.484155	0.488635	0.491713	0.49366	0.494997
3013	0.388103	0.388733	0.388172	0.386767	0.384653	0.382147	0.379436	0.376587	0.373421	0.369926	0.366123	0.362113	0.358069	0.354068	0.350157	0.346428	0.342887	0.339431	0.336026	0.332759	0.329711	0.326942	0.324488	0.322424	0.320808	0.319629	0.318839	0.318377	0.318261	0.318408	0.318666	0.318745	0.318796	0.318891	0.319151	0.319585	0.320093	0.320586	0.321032	0.321519	0.322116	0.322797	0.32364	0.324644	0.325864	0.32728	0.328966	0.331017	0.333447	0.336213
3030	0.384713	0.381336	0.377453	0.373331	0.369112	0.36482	0.360474	0.356102	0.35189	0.347983	0.344369	0.341031	0.337973	0.335186	0.33256	0.329929	0.327065	0.324192	0.321711	0.319886	0.318601	0.31781	0.317439	0.317475	0.317855	0.318381	0.318892	0.319525	0.320458	0.321851	0.323645	0.325712	0.327952	0.330377	0.332964	0.335684	0.33845	0.341347	0.344423	0.347717	0.351328	0.355278	0.359565	0.3641	0.368655	0.372927	0.37642	0.37894	0.38084	0.382535
3057	0.533405	0.533848	0.531724	0.52744	0.522054	0.515967	0.509274	0.502004	0.494491	0.486976	0.47922	0.470595	0.460665	0.449731	0.438197	0.426422	0.414444	0.402465	0.390576	0.3789	0.367634	0.357069	0.347549	0.339449	0.333189	0.329061	0.327147	0.32746	0.329974	0.334366	0.340196	0.346759	0.353729	0.361026	0.368754	0.376839	0.385274	0.394084	0.403211	0.412657	0.422247	0.43137	0.439404	0.446295	0.452281	0.457601	0.4624	0.46714	0.471948	0.476931
3069	0.389171	0.385857	0.382426	0.379223	0.3766	0.3749	0.373899	0.373378	0.373437	0.37391	0.374606	0.375604	0.376797	0.37794	0.378754	0.379067	0.379063	0.378818	0.378511	0.378217	0.378055	0.377958	0.377799	0.377624	0.37742	0.377178	0.376919	0.376743	0.376717	0.376837	0.376929	0.376858	0.376709	0.376679	0.376748	0.376603	0.376186	0.375569	0.374992	0.374781	0.375258	0.376388	0.378077	0.38025	0.382843	0.385645	0.388813	0.392682	0.39742	0.402984
3072	0.421144	0.418316	0.414296	0.409456	0.404181	0.398601	0.392923	0.387255	0.381867	0.376998	0.372939	0.369315	0.365896	0.362481	0.359265	0.355985	0.353208	0.351531	0.351027	0.35173	0.353379	0.355777	0.358739	0.361852	0.36495	0.367539	0.369538	0.371097	0.372477	0.373717	0.374571	0.375009	0.374987	0.374775	0.374564	0.374487	0.374724	0.375409	0.376518	0.378077	0.379851	0.381399	0.382743	0.383964	0.385354	0.387317	0.389854	0.393018	0.396892	0.401114
3075	0.450179	0.449731	0.448976	0.447751	0.445694	0.442613	0.438681	0.434461	0.430241	0.426373	0.422982	0.420113	0.417584	0.415249	0.413068	0.411002	0.409008	0.407385	0.406233	0.405883	0.406618	0.408583	0.411714	0.415689	0.42019	0.424959	0.429907	0.434758	0.439137	0.44287	0.445825	0.448013	0.449594	0.450837	0.451868	0.45278	0.453646	0.454695	0.456233	0.458353	0.461056	0.46412	0.467076	0.469878	0.472441	0.474449	0.475447	0.475292	0.474244	0.472924
3077	0.352118	0.354868	0.35319	0.352722	0.352812	0.351278	0.344852	0.335042	0.324875	0.316475	0.309616	0.306773	0.308461	0.306574	0.301362	0.296313	0.291949	0.28868	0.287195	0.285737	0.284288	0.284884	0.290366	0.298063	0.30366	0.307502	0.313859	0.317659	0.318919	0.322926	0.329032	0.340115	0.356414	0.37407	0.386806	0.393165	0.393058	0.390487	0.3876	0.381999	0.37337	0.364563	0.357425	0.351945	0.34411	0.334283	0.322305	0.312288	0.304752	0.305357
3089	0.436719	0.433827	0.431045	0.428215	0.425252	0.422147	0.419024	0.415962	0.412963	0.409942	0.407267	0.405209	0.403889	0.403278	0.403275	0.403685	0.404513	0.40593	0.407967	0.410497	0.41351	0.416925	0.420742	0.424895	0.429341	0.433868	0.43827	0.442522	0.44659	0.450138	0.45299	0.455366	0.457649	0.459974	0.462334	0.464701	0.466998	0.469215	0.471376	0.473466	0.475575	0.477725	0.480072	0.482631	0.485316	0.488108	0.491049	0.494095	0.497255	0.500705
3104	0.504441	0.507552	0.510693	0.513707	0.516445	0.518903	0.521513	0.524459	0.527577	0.530392	0.532834	0.534931	0.53706	0.539329	0.541562	0.543855	0.545925	0.547211	0.54733	0.545688	0.542633	0.539297	0.536219	0.533179	0.530045	0.526385	0.521694	0.515995	0.509519	0.502548	0.495462	0.488473	0.481553	0.474638	0.467631	0.460561	0.453612	0.446878	0.440381	0.434209	0.428577	0.423724	0.419801	0.416894	0.414938	0.413847	0.41351	0.413676	0.414225	0.414979
3105	0.430376	0.431562	0.432107	0.432131	0.431928	0.431794	0.431841	0.431951	0.432046	0.431557	0.42992	0.427316	0.423915	0.419845	0.415497	0.411032	0.40634	0.40113	0.395308	0.38879	0.381721	0.374283	0.366867	0.359766	0.353114	0.347029	0.34174	0.337395	0.33413	0.331782	0.330301	0.329624	0.329716	0.330733	0.332654	0.33535	0.33868	0.342503	0.3464	0.349971	0.35284	0.354347	0.354978	0.35485	0.354251	0.353373	0.352408	0.351721	0.351194	0.350574
3111	0.31771	0.311693	0.306103	0.300986	0.296134	0.291422	0.287049	0.283055	0.279298	0.275984	0.273601	0.27276	0.273425	0.274997	0.277535	0.281294	0.286369	0.292552	0.299211	0.305467	0.310947	0.316171	0.321407	0.327188	0.333292	0.339492	0.34654	0.353558	0.359133	0.363091	0.36538	0.366697	0.368673	0.371659	0.375438	0.377361	0.378037	0.378671	0.379457	0.379539	0.37805	0.374048	0.367452	0.360325	0.353324	0.347005	0.342116	0.338312	0.335042	0.33249
4013	0.377335	0.379992	0.382726	0.385816	0.389251	0.392889	0.396458	0.399657	0.401878	0.403333	0.40413	0.404504	0.404714	0.404754	0.404649	0.404293	0.403468	0.401903	0.399775	0.397207	0.394405	0.391444	0.388364	0.385291	0.382228	0.379185	0.376132	0.373242	0.370544	0.368247	0.366343	0.364854	0.363749	0.362697	0.361227	0.359447	0.357729	0.356375	0.355525	0.355326	0.35589	0.357024	0.358063	0.358566	0.358569	0.358653	0.359172	0.360289	0.362045	0.364391
4014	0.561638	0.561338	0.561107	0.56083	0.560499	0.560116	0.559795	0.55966	0.559707	0.559861	0.560085	0.560419	0.560899	0.561543	0.562341	0.563291	0.564341	0.565428	0.566586	0.567901	0.569432	0.571031	0.572525	0.573721	0.574514	0.574947	0.575141	0.575288	0.575573	0.575935	0.575774	0.574439	0.571028	0.564752	0.555783	0.544404	0.531797	0.519296	0.50746	0.496641	0.487256	0.479487	0.473056	0.467683	0.462952	0.45864	0.45493	0.452114	0.450356	0.449798
4037	0.442625	0.442653	0.442797	0.443446	0.44486	0.447089	0.450009	0.45351	0.457967	0.463304	0.46919	0.476026	0.483342	0.490103	0.495142	0.498279	0.499708	0.499705	0.498727	0.497103	0.494825	0.491831	0.487891	0.482863	0.477058	0.470229	0.46246	0.454136	0.446003	0.438104	0.430365	0.422718	0.415189	0.408012	0.401351	0.395633	0.390234	0.384698	0.379102	0.373482	0.367941	0.362515	0.357194	0.352707	0.349587	0.348681	0.349671	0.352093	0.355614	0.359974
4053	0.440241	0.439523	0.439013	0.438527	0.437962	0.437331	0.436779	0.436424	0.436047	0.435393	0.434405	0.433279	0.432104	0.430613	0.428915	0.427191	0.425469	0.423792	0.422512	0.421876	0.421478	0.421202	0.420927	0.42069	0.420339	0.419989	0.419787	0.419754	0.420021	0.420743	0.421931	0.423614	0.425772	0.428311	0.431149	0.434261	0.43742	0.440417	0.443362	0.446126	0.448857	0.451704	0.4548	0.458441	0.462483	0.466536	0.470552	0.474343	0.478014	0.481951
4055	0.42069	0.419261	0.417417	0.415433	0.413306	0.41113	0.408909	0.406402	0.403364	0.400103	0.396884	0.39393	0.391526	0.3897	0.388407	0.387428	0.386543	0.385526	0.384449	0.383361	0.382374	0.381554	0.380646	0.379698	0.378786	0.377998	0.377295	0.376551	0.375667	0.374837	0.373941	0.372697	0.371235	0.369629	0.367714	0.365491	0.362993	0.360382	0.357788	0.355214	0.352388	0.349175	0.345785	0.34226	0.338503	0.334404	0.330073	0.325739	0.321247	0.316592
4056	0.364538	0.361652	0.359273	0.356809	0.354239	0.351771	0.3498	0.348442	0.347502	0.346435	0.34484	0.342809	0.340251	0.33725	0.334287	0.331842	0.329954	0.328359	0.327253	0.325986	0.324641	0.323128	0.320871	0.317874	0.313962	0.30974	0.305377	0.301088	0.296265	0.291049	0.285382	0.279677	0.273666	0.26708	0.260331	0.253633	0.247329	0.241458	0.235722	0.23019	0.225553	0.221927	0.218847	0.216112	0.213811	0.212181	0.210983	0.209595	0.208465	0.207734
4057	0.481853	0.481062	0.48015	0.478901	0.477312	0.475596	0.473871	0.472056	0.470045	0.468011	0.466046	0.464045	0.461741	0.459066	0.456097	0.452844	0.449313	0.445522	0.441566	0.437539	0.43341	0.429097	0.424536	0.419779	0.415039	0.410605	0.406571	0.402942	0.399739	0.396857	0.394141	0.391544	0.389144	0.387022	0.385249	0.38393	0.383157	0.382895	0.383027	0.383427	0.384026	0.384797	0.385631	0.386307	0.386859	0.387448	0.388252	0.389329	0.390623	0.391924
4066	0.47444	0.472001	0.469169	0.466011	0.462679	0.458894	0.454552	0.449875	0.445166	0.440484	0.435838	0.430816	0.424866	0.418036	0.410312	0.401707	0.392531	0.383214	0.373994	0.365065	0.35654	0.348674	0.341662	0.335883	0.331576	0.328479	0.326484	0.325532	0.32564	0.326817	0.329103	0.332616	0.337487	0.343892	0.351465	0.359937	0.368888	0.378035	0.387232	0.396208	0.404907	0.412881	0.41962	0.425427	0.430687	0.435597	0.440487	0.445471	0.450588	0.455699
4091	0.397639	0.397316	0.396948	0.396395	0.39577	0.394938	0.393876	0.392712	0.391666	0.390489	0.389469	0.388743	0.388326	0.387828	0.387056	0.385989	0.384762	0.383461	0.382202	0.381085	0.380205	0.379594	0.378915	0.378053	0.377144	0.376315	0.375462	0.374414	0.372994	0.371058	0.368629	0.365888	0.363444	0.361874	0.361817	0.363428	0.366426	0.370246	0.374287	0.377901	0.381036	0.383524	0.385757	0.387728	0.3891	0.389351	0.387677	0.385168	0.383304	0.38378
4098	0.418058	0.41769	0.417229	0.416711	0.416287	0.416021	0.415926	0.415932	0.415828	0.415002	0.412909	0.409823	0.406434	0.402984	0.399456	0.395723	0.391656	0.387021	0.381297	0.374602	0.367521	0.360434	0.353432	0.346445	0.339311	0.331737	0.323031	0.313174	0.302852	0.292649	0.282703	0.273053	0.263742	0.254759	0.246051	0.237905	0.23079	0.225176	0.221524	0.220036	0.220719	0.223436	0.2278	0.233293	0.239435	0.246056	0.25282	0.259355	0.265402	0.270748
4099	0.490727	0.491385	0.49129	0.490733	0.489888	0.488822	0.48757	0.486089	0.484367	0.482304	0.479618	0.476335	0.472747	0.469055	0.465158	0.461058	0.456957	0.452845	0.448707	0.44439	0.439698	0.434511	0.428863	0.423065	0.417255	0.41151	0.405889	0.400443	0.395146	0.389833	0.384367	0.378494	0.372726	0.367421	0.362635	0.358578	0.355301	0.352764	0.35098	0.3499	0.349247	0.348914	0.348723	0.348465	0.348334	0.348624	0.349516	0.351055	0.353246	0.356099
4105	0.447218	0.449561	0.452451	0.455733	0.459169	0.462468	0.465354	0.467505	0.469068	0.470363	0.471462	0.472288	0.472777	0.472981	0.472878	0.472578	0.472136	0.471562	0.470922	0.470186	0.469308	0.46823	0.467002	0.465726	0.464524	0.46355	0.463022	0.462949	0.46333	0.464161	0.465468	0.467247	0.469401	0.471855	0.474497	0.477148	0.479799	0.482505	0.485243	0.487957	0.49051	0.49294	0.49544	0.49798	0.500437	0.502623	0.504603	0.506242	0.507357	0.507973
4110	0.544125	0.53911	0.534295	0.529665	0.525235	0.520509	0.513887	0.503883	0.492381	0.481086	0.470306	0.460221	0.451067	0.443079	0.436631	0.432346	0.429628	0.427361	0.425038	0.422573	0.420009	0.417171	0.413985	0.410072	0.404703	0.398276	0.392044	0.38651	0.38202	0.378688	0.376532	0.375687	0.377157	0.381268	0.387061	0.393431	0.400025	0.407155	0.415482	0.425197	0.435654	0.445944	0.455375	0.464411	0.473595	0.482958	0.49271	0.502968	0.513548	0.52284
4127	0.363601	0.356772	0.35031	0.344001	0.338081	0.332665	0.32806	0.324008	0.320425	0.317196	0.314667	0.312578	0.31039	0.308566	0.306936	0.304802	0.301705	0.297709	0.292852	0.28738	0.28261	0.279322	0.276895	0.274891	0.273003	0.271822	0.271929	0.273285	0.275781	0.279558	0.284507	0.290244	0.296547	0.303474	0.311455	0.319567	0.326612	0.33298	0.338634	0.344099	0.349746	0.355717	0.361751	0.366593	0.369625	0.37072	0.370477	0.370874	0.371629	0.372808
4147	0.38798	0.387226	0.386364	0.385558	0.384821	0.384145	0.38346	0.382684	0.381853	0.380963	0.380106	0.379278	0.378514	0.377796	0.377064	0.376361	0.375674	0.374931	0.374215	0.373652	0.373334	0.373419	0.3739	0.374479	0.374966	0.375323	0.375553	0.375743	0.375947	0.376212	0.376471	0.37677	0.377225	0.37785	0.378699	0.379724	0.380802	0.381654	0.381808	0.380925	0.378919	0.375813	0.37219	0.368731	0.365501	0.362431	0.359383	0.356105	0.352134	0.347355
4152	0.386012	0.388265	0.390567	0.392594	0.393931	0.394129	0.393716	0.392939	0.392094	0.391329	0.390646	0.389902	0.388772	0.3869	0.383873	0.379987	0.375472	0.370708	0.365985	0.36132	0.35685	0.35265	0.348746	0.345262	0.342146	0.339276	0.336797	0.334826	0.333494	0.332847	0.332843	0.333377	0.334415	0.335898	0.337753	0.339806	0.34195	0.344171	0.346369	0.34842	0.350076	0.351149	0.351391	0.350783	0.349607	0.34828	0.346983	0.345831	0.344755	0.343754
4156	0.490293	0.49332	0.496291	0.49907	0.501544	0.503859	0.506272	0.50886	0.511667	0.514544	0.51731	0.519744	0.521581	0.522625	0.522793	0.522285	0.521506	0.52072	0.519963	0.519001	0.51744	0.514865	0.511295	0.506992	0.5022	0.49712	0.491799	0.486337	0.480561	0.474253	0.467352	0.459658	0.451315	0.44258	0.433849	0.425462	0.417481	0.410287	0.404223	0.399349	0.39565	0.393223	0.392085	0.391931	0.392561	0.393881	0.395569	0.397531	0.399708	0.401618
4173	0.463068	0.465832	0.46844	0.470839	0.472889	0.474554	0.475939	0.477121	0.478142	0.478989	0.479457	0.479449	0.47893	0.477516	0.474934	0.471541	0.46796	0.464427	0.461153	0.457956	0.45481	0.451473	0.447797	0.443682	0.439203	0.43499	0.43124	0.428164	0.425878	0.424402	0.423757	0.423738	0.424109	0.424628	0.425473	0.426711	0.428347	0.430525	0.433198	0.436224	0.439226	0.442057	0.444497	0.446331	0.447723	0.44906	0.450501	0.452037	0.453479	0.454719
4197	0.469724	0.467821	0.466207	0.464861	0.46374	0.46283	0.462199	0.46206	0.462628	0.463849	0.465478	0.467414	0.46954	0.471693	0.473732	0.475548	0.476856	0.477481	0.477721	0.477853	0.477964	0.47796	0.477639	0.476769	0.475026	0.471703	0.466439	0.460152	0.453587	0.446987	0.440404	0.43384	0.42725	0.420621	0.413687	0.406355	0.398769	0.391088	0.383439	0.375878	0.368386	0.361081	0.354371	0.348744	0.344417	0.341123	0.338661	0.336962	0.335902	0.335359
4501	0.403854	0.40224	0.400751	0.399456	0.398458	0.397687	0.39706	0.396529	0.396083	0.395693	0.39548	0.395561	0.395951	0.39662	0.397618	0.398969	0.400482	0.402128	0.403974	0.405924	0.407835	0.409715	0.411469	0.412901	0.413859	0.414292	0.414494	0.414706	0.414915	0.415124	0.415121	0.414693	0.413714	0.412166	0.409881	0.406993	0.403613	0.399921	0.396169	0.392344	0.38833	0.384299	0.380396	0.376674	0.373107	0.369826	0.366905	0.364418	0.362344	0.360802
4521	0.349992	0.349996	0.349803	0.349435	0.348803	0.348028	0.346985	0.345917	0.344442	0.342773	0.341281	0.340071	0.338823	0.337657	0.336237	0.334451	0.332654	0.331207	0.330073	0.329035	0.328006	0.326672	0.324911	0.323446	0.322837	0.322952	0.323388	0.324072	0.324933	0.325795	0.32671	0.327797	0.328959	0.330067	0.330936	0.331808	0.332857	0.334345	0.33662	0.339659	0.343254	0.347516	0.352628	0.359106	0.366715	0.375083	0.383823	0.392485	0.401682	0.411605
4528	0.396477	0.395282	0.3935	0.390962	0.387679	0.382737	0.375706	0.366457	0.355496	0.343223	0.330674	0.318764	0.308103	0.299293	0.292794	0.288523	0.28637	0.285897	0.287079	0.289667	0.293708	0.298486	0.302734	0.305883	0.307215	0.306535	0.304321	0.301164	0.297895	0.294988	0.292064	0.289033	0.285757	0.282492	0.280499	0.280286	0.282052	0.286094	0.291897	0.298547	0.305876	0.31312	0.321589	0.331293	0.34202	0.35379	0.36639	0.379974	0.394169	0.408756
4543	0.507224	0.509886	0.512657	0.515512	0.518447	0.521497	0.5246	0.527589	0.530199	0.532205	0.533546	0.534181	0.534197	0.533836	0.533281	0.532468	0.531172	0.528992	0.525733	0.521369	0.515989	0.509694	0.50284	0.495659	0.488125	0.480216	0.471809	0.462854	0.453229	0.442902	0.432	0.420881	0.409751	0.398822	0.388232	0.378166	0.368749	0.360063	0.352093	0.344859	0.338306	0.332417	0.327108	0.322249	0.317521	0.312717	0.307908	0.303232	0.298917	0.295011
4546	0.507691	0.509811	0.511515	0.51234	0.511986	0.510776	0.509169	0.50743	0.505697	0.503989	0.502198	0.500066	0.497424	0.493928	0.489337	0.483725	0.477549	0.471146	0.464609	0.458174	0.45188	0.445618	0.439447	0.433517	0.427957	0.422672	0.417602	0.412683	0.407945	0.403334	0.398719	0.394114	0.389679	0.38579	0.382512	0.379716	0.377253	0.375093	0.373211	0.371668	0.3706	0.37005	0.369969	0.370395	0.371278	0.372663	0.374594	0.377071	0.380049	0.383417
4551	0.379691	0.375309	0.371389	0.368274	0.366125	0.364986	0.365655	0.368368	0.372876	0.37842	0.384464	0.390446	0.396372	0.402491	0.408858	0.415168	0.420833	0.425738	0.429695	0.433532	0.437368	0.44157	0.446074	0.450593	0.454923	0.458519	0.460767	0.461511	0.461231	0.460457	0.459044	0.456909	0.453538	0.448806	0.443362	0.437275	0.430856	0.424891	0.420229	0.417856	0.417716	0.419734	0.423665	0.429112	0.434454	0.438292	0.440429	0.442471	0.444422	0.446559
4565	0.546152	0.542096	0.537922	0.533428	0.528571	0.523773	0.519249	0.514868	0.510439	0.506105	0.501908	0.49801	0.494276	0.490532	0.486753	0.483216	0.480098	0.47727	0.474728	0.472552	0.470735	0.469295	0.468243	0.467765	0.467971	0.468655	0.469573	0.470837	0.472264	0.473723	0.474955	0.476102	0.477275	0.478438	0.479771	0.481339	0.483329	0.485715	0.488497	0.491567	0.494843	0.498223	0.50168	0.505279	0.509192	0.513266	0.51734	0.521373	0.525423	0.529527
4570	0.418471	0.410722	0.403242	0.39636	0.390317	0.385444	0.38156	0.37862	0.37658	0.375335	0.374659	0.37412	0.373428	0.372653	0.371824	0.370963	0.370145	0.369472	0.368963	0.36849	0.367973	0.367286	0.366586	0.365963	0.365503	0.365231	0.365122	0.365056	0.364934	0.364559	0.363727	0.362447	0.361197	0.360468	0.360379	0.360929	0.36206	0.363537	0.365082	0.366129	0.366063	0.364547	0.361905	0.358803	0.355649	0.352707	0.349981	0.347393	0.344684	0.341395
4575	0.352074	0.35517	0.352116	0.352752	0.356643	0.361772	0.371387	0.379644	0.38474	0.390818	0.398225	0.406448	0.406261	0.396765	0.381847	0.363877	0.340381	0.30786	0.273243	0.239892	0.215875	0.204957	0.198027	0.193203	0.191368	0.193589	0.19549	0.198038	0.19834	0.198235	0.199659	0.205372	0.213994	0.224484	0.235248	0.246	0.26085	0.283712	0.309497	0.334441	0.361371	0.391225	0.41846	0.443273	0.469545	0.493474	0.508926	0.517196	0.522491	0.521397
4581	0.555575	0.557083	0.55864	0.56034	0.562241	0.56433	0.566438	0.567785	0.566577	0.56291	0.558046	0.552978	0.547954	0.543065	0.538226	0.533264	0.527547	0.520112	0.511446	0.502325	0.493327	0.484696	0.476527	0.468849	0.461637	0.455426	0.450655	0.447037	0.444371	0.442347	0.440986	0.440336	0.440408	0.441277	0.443248	0.446383	0.450462	0.455345	0.46074	0.466553	0.472674	0.478963	0.484998	0.489465	0.492007	0.49318	0.493777	0.494677	0.496167	0.498242
4585	0.464643	0.453204	0.443824	0.435147	0.430948	0.431158	0.438773	0.451534	0.461467	0.469972	0.469704	0.458365	0.441906	0.422172	0.403864	0.385525	0.368128	0.354284	0.343117	0.333208	0.32456	0.318117	0.314724	0.31497	0.316948	0.317702	0.319682	0.323957	0.330299	0.3363	0.341405	0.346873	0.349186	0.349227	0.349405	0.348771	0.35013	0.358478	0.371053	0.380448	0.385712	0.388169	0.389245	0.391063	0.390056	0.392521	0.395944	0.400418	0.408939	0.41156
4597	0.339108	0.326815	0.315139	0.304236	0.294663	0.286797	0.280789	0.276708	0.274574	0.274327	0.275972	0.279603	0.285073	0.291784	0.29936	0.307694	0.3166	0.325942	0.335491	0.345011	0.353883	0.361429	0.367579	0.373342	0.379434	0.385616	0.391566	0.397191	0.402423	0.407115	0.410991	0.413276	0.413525	0.412322	0.410765	0.409628	0.409327	0.409979	0.411567	0.413898	0.416602	0.418892	0.419821	0.41916	0.41771	0.416209	0.415116	0.414493	0.414299	0.414488
4613	0.494399	0.487856	0.480966	0.474051	0.467206	0.4606	0.454356	0.448294	0.442172	0.43611	0.430008	0.423805	0.417688	0.411812	0.406143	0.4009	0.396844	0.394284	0.393507	0.394585	0.397393	0.401792	0.407869	0.41517	0.422758	0.429728	0.436198	0.442882	0.450185	0.458436	0.467477	0.477116	0.487224	0.497125	0.506474	0.514834	0.522114	0.528531	0.534336	0.539055	0.542352	0.544211	0.54362	0.540293	0.534579	0.52653	0.517165	0.507418	0.498474	0.49077
4627	0.366107	0.368432	0.370699	0.373001	0.375418	0.378124	0.380942	0.383463	0.3853	0.386082	0.38572	0.384475	0.382515	0.380053	0.377306	0.374369	0.370887	0.366664	0.361455	0.355058	0.347924	0.340368	0.3329	0.325856	0.319646	0.314522	0.310661	0.308202	0.307108	0.307473	0.30903	0.312091	0.316771	0.32285	0.330121	0.338109	0.346113	0.353438	0.359749	0.364838	0.369407	0.373965	0.37893	0.384607	0.390956	0.39758	0.40419	0.410779	0.417119	0.422525
4630	0.387379	0.387314	0.386841	0.385654	0.383695	0.38118	0.378223	0.374899	0.371553	0.368266	0.364961	0.361524	0.358111	0.354945	0.3521	0.349825	0.348058	0.346537	0.345152	0.343865	0.342865	0.342121	0.34171	0.341742	0.342145	0.342888	0.343914	0.345212	0.346712	0.348314	0.350054	0.351858	0.353735	0.355741	0.357956	0.360241	0.362683	0.365162	0.367378	0.369109	0.370235	0.370724	0.370591	0.370133	0.369449	0.368595	0.367572	0.366272	0.364458	0.362143
4660	0.435417	0.436653	0.438866	0.442026	0.445845	0.45008	0.45461	0.459389	0.464377	0.469504	0.474656	0.479644	0.484267	0.488395	0.491957	0.495132	0.498037	0.500638	0.50273	0.504002	0.504415	0.504252	0.503839	0.503306	0.502862	0.502599	0.502253	0.501293	0.498965	0.495028	0.489772	0.483315	0.475394	0.465845	0.455265	0.444173	0.432766	0.420876	0.408534	0.395955	0.383325	0.370786	0.358495	0.346649	0.335501	0.325205	0.31578	0.307306	0.299831	0.293407
4676	0.496	0.492796	0.489326	0.486036	0.483103	0.480263	0.477248	0.473977	0.470225	0.46589	0.46098	0.455784	0.450534	0.445267	0.439989	0.434804	0.42977	0.424892	0.420072	0.415343	0.410846	0.406556	0.402613	0.399195	0.396476	0.394715	0.393645	0.393181	0.393506	0.394579	0.396218	0.397988	0.399463	0.40071	0.402095	0.403911	0.40593	0.407724	0.408862	0.409555	0.409909	0.410332	0.411392	0.413041	0.414824	0.41667	0.418381	0.419846	0.421234	0.422542
4687	0.449807	0.446348	0.442732	0.439348	0.436292	0.43374	0.431807	0.430204	0.428618	0.426659	0.424231	0.421334	0.418092	0.414719	0.411625	0.40882	0.406276	0.404087	0.40217	0.40039	0.398839	0.397604	0.396636	0.395762	0.394764	0.393348	0.391528	0.389587	0.387854	0.386569	0.385564	0.384757	0.383907	0.382544	0.380437	0.377835	0.3748	0.371675	0.368871	0.366902	0.366172	0.366798	0.368493	0.37066	0.372782	0.374931	0.377244	0.379627	0.382057	0.384259
4738	0.377355	0.373888	0.370908	0.368298	0.365956	0.363867	0.362138	0.360736	0.359481	0.358185	0.356596	0.354523	0.352348	0.350337	0.348698	0.347721	0.347304	0.347324	0.347458	0.347682	0.347729	0.347613	0.347538	0.347802	0.348365	0.348985	0.349746	0.350735	0.351783	0.352919	0.354014	0.354686	0.354869	0.354161	0.352879	0.351398	0.349844	0.348445	0.347738	0.347796	0.348695	0.350491	0.353354	0.357334	0.362106	0.36688	0.371679	0.376081	0.379865	0.38323
4743	0.45506	0.462004	0.468838	0.475548	0.482105	0.488363	0.493854	0.498149	0.501059	0.502739	0.503526	0.50369	0.503607	0.503137	0.501816	0.499104	0.49445	0.487277	0.478451	0.468831	0.458994	0.449281	0.439592	0.429844	0.420006	0.410034	0.399804	0.389495	0.379325	0.369568	0.360357	0.351695	0.343573	0.336127	0.329452	0.32346	0.3181	0.313397	0.309462	0.306355	0.304074	0.302519	0.301572	0.301155	0.30117	0.301623	0.30254	0.303841	0.305474	0.307307
4767	0.335092	0.336783	0.33831	0.339649	0.340795	0.341524	0.342048	0.342588	0.34311	0.343663	0.344239	0.344971	0.345886	0.34676	0.347243	0.346909	0.345852	0.344511	0.342983	0.341445	0.340025	0.338864	0.338003	0.337506	0.337464	0.337658	0.337556	0.336918	0.336	0.335339	0.335018	0.334998	0.335207	0.335788	0.33664	0.337628	0.338945	0.340825	0.343393	0.346616	0.350581	0.355327	0.360643	0.366299	0.371979	0.377604	0.383516	0.389987	0.397121	0.404863
4828	0.408144	0.40473	0.401523	0.398594	0.395968	0.393421	0.390471	0.386956	0.383063	0.379019	0.37503	0.371375	0.36805	0.364965	0.361968	0.358887	0.355344	0.351144	0.346646	0.342224	0.338062	0.334243	0.330968	0.328381	0.326464	0.3252	0.324577	0.324665	0.32552	0.327177	0.329632	0.332837	0.336599	0.340923	0.345596	0.350579	0.355777	0.360719	0.365203	0.369342	0.373428	0.377647	0.381976	0.386384	0.390846	0.395445	0.400103	0.404563	0.408823	0.412992
4835	0.466562	0.464802	0.462948	0.461039	0.45883	0.455847	0.451826	0.446993	0.441905	0.436797	0.431855	0.42728	0.423036	0.418993	0.414811	0.410382	0.405622	0.400981	0.396661	0.392787	0.389436	0.386516	0.383982	0.381782	0.379729	0.377972	0.376634	0.375575	0.374909	0.374393	0.373998	0.373771	0.373748	0.373946	0.374363	0.374942	0.375709	0.376842	0.378451	0.38061	0.38335	0.386678	0.390396	0.394005	0.397435	0.400506	0.403261	0.406111	0.409802	0.414613
5013	0.275707	0.273547	0.273717	0.276309	0.281065	0.287674	0.295353	0.302681	0.309028	0.315258	0.322494	0.330386	0.338316	0.345408	0.351687	0.357313	0.361855	0.364766	0.366199	0.366639	0.366274	0.365201	0.363476	0.361186	0.358394	0.355468	0.352522	0.350104	0.348196	0.345896	0.342758	0.338774	0.334452	0.330832	0.329044	0.330622	0.336554	0.346553	0.359272	0.373689	0.389036	0.404484	0.419971	0.435533	0.450662	0.463038	0.47183	0.476494	0.478336	0.478415
5023	0.398979	0.402667	0.406198	0.409562	0.412846	0.415953	0.418781	0.421189	0.42283	0.423744	0.424134	0.424218	0.424261	0.424411	0.424646	0.424955	0.425204	0.425192	0.4249	0.42433	0.42355	0.42249	0.42113	0.419465	0.417605	0.415516	0.413074	0.410134	0.406852	0.403286	0.399384	0.395263	0.390965	0.386559	0.382096	0.377637	0.373323	0.369194	0.365335	0.361878	0.358818	0.356147	0.35386	0.352011	0.350657	0.349843	0.349489	0.349647	0.350333	0.351558
5028	0.37901	0.383209	0.386213	0.389426	0.393756	0.399822	0.407375	0.415647	0.423135	0.429536	0.435793	0.443012	0.450931	0.457432	0.460103	0.457825	0.451604	0.44376	0.435838	0.42874	0.422541	0.416765	0.411479	0.406995	0.404138	0.403178	0.402767	0.402316	0.401581	0.400876	0.400234	0.400348	0.400606	0.401439	0.402853	0.405341	0.408453	0.411216	0.412963	0.413477	0.413026	0.411931	0.409406	0.404154	0.395969	0.38623	0.376354	0.366386	0.356364	0.34753
5039	0.295291	0.295091	0.295143	0.294175	0.29117	0.286272	0.28124	0.277634	0.276629	0.277207	0.278476	0.279657	0.279811	0.279739	0.282406	0.28751	0.293587	0.298373	0.300256	0.301981	0.303706	0.305709	0.308081	0.310028	0.311777	0.312273	0.31187	0.310954	0.308532	0.30582	0.303221	0.299898	0.296488	0.293676	0.291456	0.28898	0.286966	0.28729	0.289687	0.29492	0.30307	0.313877	0.326671	0.341285	0.358098	0.376575	0.395694	0.41382	0.430807	0.446691
5062	0.48034	0.488234	0.495824	0.501997	0.504697	0.504326	0.502107	0.49899	0.495773	0.492555	0.489471	0.48623	0.482092	0.476613	0.470218	0.463494	0.456869	0.450441	0.444153	0.437996	0.43145	0.423782	0.414984	0.405574	0.395898	0.386389	0.3773	0.36871	0.360586	0.352227	0.342809	0.332759	0.322463	0.312392	0.302882	0.29417	0.286307	0.278968	0.271676	0.264243	0.257279	0.251206	0.246279	0.242751	0.240605	0.239581	0.239109	0.23899	0.238431	0.237767
5074	0.39294	0.392276	0.391478	0.390797	0.390137	0.389485	0.388704	0.387653	0.386306	0.384649	0.382728	0.380836	0.378971	0.377122	0.375221	0.373236	0.371399	0.369658	0.367986	0.36652	0.365219	0.364028	0.362832	0.361618	0.360275	0.358727	0.356938	0.354996	0.352985	0.351119	0.349509	0.34823	0.347363	0.346892	0.346871	0.347225	0.347894	0.348906	0.350236	0.351874	0.353803	0.355944	0.358296	0.360974	0.363975	0.367289	0.371006	0.375164	0.379701	0.384471
5079	0.456314	0.456876	0.456238	0.454721	0.45246	0.45002	0.447507	0.444409	0.440649	0.436297	0.431527	0.426377	0.420613	0.414239	0.407566	0.401051	0.394689	0.388513	0.382625	0.37722	0.372504	0.368376	0.364889	0.362352	0.361099	0.361436	0.363218	0.366462	0.370794	0.376108	0.382072	0.387848	0.393422	0.399171	0.405522	0.41249	0.420033	0.427935	0.435996	0.444008	0.451813	0.459593	0.467169	0.474671	0.482237	0.489807	0.497325	0.504639	0.511501	0.51761
5082	0.407772	0.409352	0.411196	0.413367	0.415879	0.418755	0.421844	0.425165	0.428643	0.432257	0.43575	0.43873	0.441308	0.443644	0.445968	0.448389	0.450874	0.45338	0.455933	0.458476	0.460899	0.462649	0.463407	0.463623	0.46338	0.462015	0.459701	0.455974	0.451214	0.445624	0.439374	0.432494	0.425587	0.418866	0.412559	0.406889	0.401854	0.397281	0.393186	0.389877	0.387546	0.386162	0.385565	0.385783	0.386785	0.388371	0.390622	0.3936	0.397121	0.400726
5110	0.344214	0.342572	0.339312	0.33536	0.331936	0.32943	0.32766	0.326051	0.324452	0.32329	0.323011	0.324006	0.326365	0.32977	0.333224	0.335073	0.335685	0.336862	0.338755	0.341843	0.346272	0.352059	0.359352	0.367512	0.376062	0.384424	0.392107	0.399823	0.408394	0.417493	0.42714	0.436834	0.445491	0.453186	0.460666	0.466727	0.471529	0.475329	0.478304	0.47859	0.477096	0.474364	0.471987	0.470649	0.470361	0.470162	0.467799	0.464776	0.460602	0.456405
5115	0.407466	0.402999	0.397948	0.392351	0.386974	0.382249	0.378491	0.375725	0.373604	0.371767	0.370075	0.367784	0.364849	0.362049	0.360036	0.358747	0.357833	0.357122	0.356765	0.356916	0.357538	0.358545	0.360198	0.362479	0.365232	0.368414	0.371568	0.374609	0.377613	0.380214	0.382218	0.383914	0.385473	0.387073	0.388606	0.389775	0.390052	0.389087	0.386718	0.383327	0.379422	0.375426	0.371647	0.368513	0.366275	0.364828	0.363944	0.363769	0.36462	0.366615
5133	0.531963	0.533215	0.534675	0.536176	0.537684	0.538937	0.539628	0.539426	0.538172	0.536287	0.53384	0.53007	0.524853	0.518725	0.512053	0.504861	0.497368	0.489691	0.482104	0.474649	0.467348	0.460252	0.453455	0.447082	0.441149	0.435594	0.430422	0.425863	0.421894	0.418643	0.416134	0.414419	0.413488	0.413203	0.413472	0.41418	0.415494	0.417644	0.420509	0.424038	0.428044	0.432409	0.437131	0.442278	0.447761	0.453342	0.458921	0.464272	0.469447	0.474384
5136	0.380838	0.383074	0.385258	0.387221	0.388341	0.387318	0.382887	0.37568	0.366855	0.357314	0.347599	0.337915	0.328651	0.319959	0.311848	0.304427	0.298222	0.293746	0.291563	0.291695	0.294118	0.299188	0.306712	0.316552	0.328111	0.34048	0.353018	0.365306	0.377081	0.387911	0.397796	0.406619	0.414232	0.42078	0.426361	0.430982	0.434656	0.436795	0.436355	0.433242	0.428114	0.422564	0.417332	0.412844	0.409268	0.406807	0.40551	0.405265	0.405931	0.406527
5140	0.380196	0.378717	0.378242	0.378652	0.379881	0.381744	0.38395	0.386429	0.388969	0.391193	0.393026	0.394402	0.395482	0.396337	0.397142	0.398237	0.399945	0.402418	0.405752	0.409902	0.414603	0.419562	0.424373	0.428459	0.431659	0.434255	0.436451	0.438246	0.439785	0.441103	0.442202	0.442897	0.443206	0.442675	0.441209	0.439063	0.436306	0.433107	0.429696	0.426163	0.422605	0.418454	0.413486	0.408026	0.401974	0.395104	0.387383	0.379401	0.371539	0.363639
5145	0.404521	0.401476	0.399406	0.397549	0.396219	0.396741	0.398678	0.399694	0.400004	0.400082	0.398871	0.39504	0.390105	0.384646	0.378597	0.370693	0.36109	0.352247	0.344496	0.338916	0.335681	0.334232	0.333312	0.330949	0.328348	0.32669	0.32561	0.325317	0.32321	0.320661	0.318301	0.315429	0.312407	0.308459	0.305196	0.302684	0.300557	0.299052	0.298186	0.297909	0.297578	0.297404	0.297372	0.297949	0.299077	0.301735	0.304642	0.307209	0.310542	0.314542
5153	0.432164	0.431319	0.429705	0.427118	0.423433	0.41833	0.411611	0.403038	0.393364	0.383591	0.374149	0.365082	0.356495	0.348456	0.341173	0.334826	0.329643	0.325797	0.323303	0.322109	0.322128	0.323321	0.325615	0.329018	0.333375	0.338335	0.343583	0.34897	0.354311	0.359341	0.363761	0.367404	0.370068	0.372121	0.373866	0.375461	0.376987	0.378562	0.380073	0.381232	0.381858	0.381944	0.381958	0.382198	0.382789	0.383739	0.385098	0.386824	0.388763	0.390515
5157	0.556758	0.549264	0.541562	0.533709	0.526122	0.519009	0.512325	0.505856	0.49948	0.493209	0.487251	0.48173	0.476847	0.472844	0.469789	0.467537	0.465826	0.464518	0.463567	0.462942	0.462597	0.462476	0.462544	0.462773	0.463222	0.463995	0.4651	0.466393	0.467731	0.469073	0.470482	0.471922	0.473473	0.475217	0.477238	0.479527	0.481982	0.484282	0.486227	0.487906	0.489342	0.490545	0.49151	0.492485	0.49382	0.495615	0.497731	0.499899	0.502034	0.504147
5160	0.480628	0.480181	0.47899	0.477578	0.476457	0.475577	0.474894	0.474278	0.473669	0.472861	0.471641	0.470162	0.468709	0.467396	0.466215	0.465177	0.464183	0.463196	0.462158	0.460737	0.458716	0.456063	0.45296	0.449582	0.445918	0.442078	0.438041	0.433695	0.428777	0.423134	0.416533	0.409291	0.40182	0.394328	0.386824	0.379277	0.37164	0.363732	0.355787	0.348008	0.340501	0.333518	0.327266	0.321906	0.317563	0.314304	0.312202	0.311342	0.311779	0.313457
5166	0.488233	0.4898	0.490809	0.490792	0.489405	0.487202	0.484338	0.480699	0.476415	0.471656	0.466565	0.461195	0.455573	0.449629	0.443581	0.437358	0.430997	0.424726	0.41861	0.412741	0.407267	0.402464	0.398261	0.394603	0.391441	0.388629	0.385964	0.383293	0.380749	0.378533	0.376878	0.375701	0.374859	0.374105	0.373331	0.372595	0.371975	0.371581	0.371473	0.371621	0.371929	0.372419	0.373167	0.374249	0.375692	0.37754	0.379843	0.382672	0.386048	0.389957
5168	0.368512	0.369734	0.370578	0.371198	0.371827	0.372361	0.372722	0.372947	0.372991	0.372671	0.371938	0.370784	0.369074	0.367226	0.365305	0.363451	0.361757	0.360388	0.359363	0.358708	0.358359	0.358462	0.35894	0.359907	0.361557	0.363899	0.366674	0.369844	0.373387	0.377151	0.380986	0.384709	0.388442	0.392157	0.395884	0.399645	0.403353	0.407082	0.410828	0.414239	0.417214	0.419472	0.421159	0.422525	0.423686	0.424642	0.425423	0.426108	0.426677	0.426549
5173	0.387194	0.38836	0.389761	0.39151	0.393639	0.396119	0.398763	0.401229	0.403629	0.406275	0.408941	0.411242	0.412986	0.413867	0.413808	0.413326	0.412977	0.412883	0.41302	0.413374	0.413843	0.414208	0.414268	0.414034	0.413398	0.412376	0.411117	0.409578	0.407572	0.404607	0.400286	0.394799	0.388073	0.38027	0.371715	0.362788	0.353518	0.343803	0.333652	0.323288	0.312929	0.302867	0.293466	0.285089	0.277996	0.272209	0.267461	0.263626	0.260922	0.259689
5185	0.440683	0.437875	0.434886	0.432155	0.429757	0.427664	0.425928	0.424603	0.423792	0.423558	0.423918	0.424659	0.425641	0.426821	0.4281	0.429346	0.430379	0.431013	0.43117	0.430933	0.43045	0.429845	0.42923	0.42857	0.427823	0.426886	0.425532	0.423426	0.42039	0.416932	0.413271	0.409576	0.405856	0.402131	0.398293	0.394094	0.389257	0.383667	0.377861	0.372176	0.366814	0.361938	0.357633	0.354023	0.351077	0.348764	0.346834	0.34536	0.344526	0.344391
5188	0.45601	0.455298	0.45386	0.451739	0.449011	0.446384	0.443945	0.441666	0.439449	0.437195	0.434554	0.431472	0.427885	0.42362	0.418961	0.414239	0.409818	0.405768	0.402332	0.399562	0.397467	0.395995	0.394964	0.394405	0.394106	0.393992	0.393922	0.393851	0.393711	0.393568	0.393681	0.394231	0.39527	0.396605	0.398008	0.399188	0.399703	0.399656	0.399404	0.399143	0.399013	0.399241	0.400066	0.4015	0.403494	0.405926	0.408544	0.411158	0.413662	0.415975
5197	0.460823	0.457909	0.455029	0.452512	0.450392	0.448608	0.447054	0.445601	0.444271	0.443212	0.442516	0.442115	0.441961	0.442	0.442298	0.442716	0.443116	0.443289	0.443295	0.443117	0.442954	0.442937	0.443016	0.44313	0.443184	0.443157	0.443109	0.443093	0.443083	0.443169	0.443395	0.44383	0.444239	0.444472	0.444332	0.443761	0.442725	0.441181	0.439108	0.436636	0.434088	0.431558	0.429043	0.426473	0.423897	0.421315	0.418722	0.416126	0.413426	0.410417
5202	0.358449	0.355937	0.35269	0.348895	0.344629	0.340039	0.335365	0.33052	0.325385	0.320028	0.314544	0.309114	0.303961	0.299233	0.294999	0.291183	0.287406	0.283684	0.28042	0.277719	0.275464	0.273645	0.272334	0.271445	0.271189	0.271088	0.270826	0.270213	0.269268	0.267661	0.265491	0.26286	0.260065	0.25705	0.25417	0.251701	0.249529	0.247433	0.245316	0.243162	0.241091	0.23913	0.237616	0.236797	0.236485	0.236652	0.237295	0.238489	0.240484	0.24354
5206	0.454906	0.460895	0.466985	0.473278	0.479828	0.4865	0.493163	0.49967	0.506009	0.511972	0.517244	0.521393	0.524513	0.526797	0.528371	0.52949	0.530185	0.530109	0.52869	0.525897	0.521693	0.516073	0.509226	0.501577	0.493184	0.484097	0.47386	0.462468	0.44993	0.436315	0.421732	0.406412	0.390854	0.375472	0.360529	0.346123	0.332509	0.319989	0.308625	0.298424	0.28954	0.282084	0.27595	0.270959	0.266836	0.263618	0.261115	0.258804	0.256592	0.254372
5243	0.34254	0.343245	0.345286	0.348296	0.351934	0.355841	0.359679	0.363439	0.366835	0.369807	0.372033	0.373275	0.373819	0.374202	0.374642	0.375118	0.37582	0.376843	0.378201	0.379614	0.380966	0.382049	0.382717	0.383524	0.384852	0.386882	0.389377	0.392211	0.395112	0.397868	0.400394	0.402407	0.403449	0.404072	0.404639	0.405354	0.406368	0.407749	0.409659	0.412145	0.414951	0.417759	0.420162	0.422609	0.425465	0.429094	0.433512	0.438475	0.443805	0.448846
5261	0.419539	0.419807	0.420759	0.422241	0.424179	0.426426	0.4289	0.431446	0.433991	0.436451	0.438645	0.440596	0.44253	0.444427	0.446327	0.448257	0.450256	0.452342	0.45455	0.456844	0.458968	0.460436	0.46123	0.461608	0.461882	0.462227	0.462739	0.463499	0.464571	0.465945	0.467526	0.469086	0.470489	0.471774	0.473054	0.474387	0.475694	0.476858	0.477887	0.478763	0.479663	0.480862	0.482361	0.48412	0.48604	0.487984	0.489897	0.491921	0.494189	0.496625
5265	0.488558	0.484281	0.480334	0.476619	0.472916	0.469122	0.465294	0.461582	0.458123	0.454991	0.452257	0.449929	0.448014	0.446654	0.446108	0.446129	0.446791	0.447815	0.448822	0.449407	0.449735	0.449921	0.450089	0.450237	0.450473	0.450638	0.450816	0.451477	0.452548	0.453889	0.455109	0.45591	0.456084	0.455177	0.453431	0.45092	0.447815	0.443797	0.4389	0.433547	0.427454	0.420782	0.414075	0.407496	0.401037	0.394606	0.388306	0.382424	0.377435	0.37373
5285	0.502327	0.498141	0.493304	0.488268	0.483235	0.478288	0.473404	0.468538	0.463676	0.458799	0.453885	0.449409	0.445488	0.441908	0.43852	0.435336	0.432441	0.429894	0.427556	0.425164	0.422839	0.420649	0.418787	0.417291	0.416201	0.415624	0.415617	0.416169	0.41725	0.418808	0.420871	0.423507	0.426607	0.430049	0.433687	0.437422	0.441221	0.444736	0.447314	0.448875	0.4497	0.450239	0.451173	0.452582	0.454473	0.456773	0.459312	0.462008	0.464373	0.465878
5290	0.328242	0.326583	0.325101	0.323618	0.321412	0.319125	0.317463	0.317121	0.318149	0.320279	0.324073	0.329662	0.336858	0.344786	0.352232	0.358958	0.365563	0.372292	0.379116	0.385677	0.391385	0.395979	0.399424	0.401645	0.402985	0.403173	0.401952	0.399447	0.395863	0.391786	0.38786	0.384261	0.381065	0.378209	0.375863	0.373842	0.371563	0.368973	0.366399	0.364138	0.362305	0.360996	0.360307	0.360216	0.360686	0.361709	0.36318	0.364875	0.366595	0.367946
5313	0.468066	0.463037	0.458161	0.453166	0.447708	0.441605	0.43545	0.429687	0.424354	0.41947	0.415082	0.411121	0.407559	0.404112	0.400494	0.396916	0.393556	0.390414	0.387574	0.385048	0.382978	0.381384	0.380058	0.378931	0.378127	0.377603	0.377383	0.377533	0.37802	0.37879	0.379706	0.380341	0.380255	0.379523	0.378608	0.37753	0.376308	0.374969	0.373565	0.372174	0.370738	0.368826	0.365839	0.361887	0.357723	0.354079	0.351007	0.3484	0.346148	0.344156
5338	0.366748	0.364908	0.362869	0.360846	0.358788	0.356653	0.3545	0.352335	0.34999	0.347328	0.344309	0.341026	0.337689	0.334377	0.331127	0.328029	0.325108	0.322423	0.320057	0.31811	0.31678	0.316138	0.316182	0.316859	0.318203	0.320252	0.323183	0.326847	0.330866	0.334895	0.33862	0.342025	0.345037	0.347561	0.349564	0.35054	0.350481	0.349715	0.348655	0.347688	0.346899	0.346297	0.345876	0.345532	0.344854	0.34349	0.341573	0.339394	0.337479	0.336294
5340	0.42754	0.421749	0.416016	0.410082	0.40407	0.398338	0.39282	0.387629	0.382885	0.378666	0.375091	0.372166	0.369616	0.3672	0.365	0.362928	0.360869	0.359078	0.357824	0.357168	0.357002	0.357411	0.358315	0.359401	0.360388	0.361126	0.361621	0.362261	0.363536	0.365856	0.369065	0.373026	0.377434	0.382071	0.386296	0.390006	0.393445	0.396853	0.400095	0.403421	0.407069	0.411333	0.416479	0.422322	0.428642	0.43522	0.441763	0.447667	0.453032	0.458113
5349	0.455026	0.457556	0.459912	0.462305	0.46433	0.465643	0.466009	0.465087	0.462809	0.459471	0.455686	0.451492	0.447549	0.443961	0.440829	0.438162	0.435917	0.433585	0.431426	0.429746	0.428338	0.42674	0.424465	0.421376	0.417707	0.41323	0.407512	0.400651	0.392892	0.384062	0.373471	0.360707	0.346992	0.333546	0.321429	0.31163	0.304877	0.301135	0.300253	0.301898	0.305547	0.311238	0.319083	0.328147	0.337618	0.346602	0.354354	0.360463	0.36261	0.362055
5401	0.424538	0.415979	0.406791	0.39752	0.388533	0.379634	0.371036	0.362908	0.35516	0.347854	0.341183	0.335534	0.330831	0.326905	0.323849	0.321514	0.319563	0.317736	0.315878	0.313369	0.310138	0.306619	0.30333	0.300154	0.297793	0.296431	0.29626	0.297099	0.298476	0.300019	0.301523	0.302698	0.303315	0.303308	0.302438	0.301141	0.299481	0.297741	0.29607	0.294874	0.294201	0.293937	0.293834	0.294103	0.294978	0.296697	0.299244	0.302977	0.307933	0.31376
5402	0.346137	0.340944	0.334963	0.329001	0.32347	0.318772	0.315269	0.312991	0.311879	0.31153	0.311313	0.311272	0.311538	0.312407	0.314095	0.316854	0.320476	0.324754	0.328894	0.332644	0.335966	0.339191	0.342175	0.345287	0.348792	0.352229	0.355511	0.358577	0.361215	0.363539	0.365545	0.366956	0.367045	0.365788	0.363958	0.362553	0.362253	0.363378	0.365825	0.369281	0.373419	0.377883	0.383052	0.389755	0.397971	0.407576	0.41838	0.430202	0.442213	0.453638
5406	0.529112	0.528996	0.528917	0.528816	0.528782	0.528898	0.529203	0.529661	0.530215	0.530813	0.531335	0.531546	0.531586	0.531679	0.531894	0.532203	0.532483	0.532561	0.53238	0.531838	0.530697	0.528835	0.526344	0.523424	0.520038	0.515944	0.51107	0.505537	0.499343	0.492668	0.485743	0.478593	0.471435	0.464075	0.456432	0.448297	0.43955	0.430385	0.421398	0.413267	0.406191	0.399767	0.393766	0.388039	0.382615	0.377574	0.37308	0.369099	0.365395	0.361803
5413	0.416611	0.417197	0.417353	0.417274	0.417234	0.417219	0.417154	0.416939	0.416545	0.415842	0.414664	0.413092	0.411367	0.409673	0.408081	0.40648	0.404684	0.402584	0.400274	0.397757	0.394981	0.391992	0.388917	0.38598	0.383277	0.380826	0.378597	0.376635	0.375135	0.374273	0.374122	0.374652	0.375776	0.377467	0.379581	0.382003	0.384508	0.387135	0.389972	0.393243	0.397131	0.401563	0.406391	0.411505	0.416781	0.421897	0.426138	0.429206	0.431217	0.432407
5418	0.439297	0.437672	0.436083	0.43436	0.432484	0.430298	0.427707	0.424635	0.421057	0.417115	0.413038	0.40893	0.404708	0.400386	0.395927	0.391277	0.386463	0.381638	0.377034	0.372814	0.369088	0.365781	0.362838	0.360086	0.35743	0.354809	0.352111	0.349325	0.346519	0.343708	0.340795	0.337868	0.334922	0.33196	0.328951	0.325989	0.32309	0.320415	0.318074	0.316083	0.314308	0.312737	0.311301	0.309959	0.308595	0.307023	0.305387	0.303734	0.302122	0.300536
5423	0.412269	0.415371	0.417733	0.419516	0.421058	0.422393	0.423494	0.424531	0.425614	0.426896	0.428338	0.429561	0.430042	0.429677	0.428902	0.427829	0.426522	0.425021	0.423528	0.422272	0.421302	0.420078	0.418004	0.414717	0.410583	0.405763	0.400298	0.394176	0.387629	0.380876	0.374155	0.367738	0.361728	0.356148	0.350437	0.34459	0.338815	0.333224	0.327978	0.32319	0.319097	0.316103	0.3144	0.31408	0.314851	0.316774	0.319826	0.323917	0.32899	0.335118
5428	0.435085	0.432203	0.428242	0.423458	0.417933	0.411464	0.40444	0.397296	0.390268	0.383143	0.375536	0.367384	0.358988	0.350774	0.343007	0.336143	0.330786	0.327104	0.325219	0.324943	0.326077	0.328748	0.333286	0.339739	0.347717	0.356986	0.367298	0.37825	0.389445	0.400579	0.411351	0.421783	0.431864	0.441367	0.450091	0.45808	0.465756	0.473295	0.480746	0.488074	0.495321	0.502265	0.508708	0.514348	0.519653	0.524778	0.529813	0.534885	0.540043	0.545177
SIMBA_100	0.4339	0.430377	0.42691	0.423744	0.420952	0.418466	0.416037	0.413709	0.411455	0.409386	0.407316	0.405333	0.403415	0.401671	0.399971	0.398309	0.396656	0.394992	0.393573	0.392692	0.392474	0.392703	0.393415	0.394536	0.395728	0.396644	0.396988	0.396771	0.396382	0.396145	0.396013	0.395845	0.395769	0.395803	0.395584	0.394366	0.391982	0.388726	0.38524	0.381951	0.378988	0.376531	0.374532	0.373001	0.371979	0.371788	0.372548	0.3744	0.377168	0.380439
SIMBA_106	0.532096	0.532881	0.533444	0.533526	0.53307	0.532214	0.531301	0.530681	0.530379	0.530317	0.530277	0.530031	0.529525	0.528648	0.527255	0.525396	0.523584	0.521913	0.519903	0.516666	0.511544	0.504991	0.497445	0.489396	0.481379	0.473746	0.466499	0.459484	0.452738	0.446473	0.440379	0.434089	0.427852	0.421976	0.41677	0.412604	0.409655	0.407704	0.406505	0.4058	0.405417	0.405175	0.404994	0.404801	0.404448	0.403697	0.402516	0.401128	0.399636	0.397989
